1.79769e+308 5.43382 9.4406 2.96152 9.73571 0.523392 0.469375 1.78106 5.15488 5.83819 
5.43382 1.79769e+308 8.1869 2.51167 6.72781 3.59569 6.17603 8.68404 6.0152 7.65374 
9.4406 8.1869 1.79769e+308 2.24555 3.7318 7.1337 7.40532 7.987 8.57265 5.26749 
2.96152 2.51167 2.24555 1.79769e+308 8.49391 7.87927 0.531938 1.13712 5.65691 2.01331 
9.73571 6.72781 3.7318 8.49391 1.79769e+308 1.43406 7.98914 8.00958 1.48717 7.65893 
0.523392 3.59569 7.1337 7.87927 1.43406 1.79769e+308 2.66427 2.08197 0.539872 9.98749 
0.469375 6.17603 7.40532 0.531938 7.98914 2.66427 1.79769e+308 7.31529 2.92734 4.48988 
1.78106 8.68404 7.987 1.13712 8.00958 2.08197 7.31529 1.79769e+308 6.04572 3.32682 
5.15488 6.0152 8.57265 5.65691 1.48717 0.539872 2.92734 6.04572 1.79769e+308 8.60134 
5.83819 7.65374 5.26749 2.01331 7.65893 9.98749 4.48988 3.32682 8.60134 1.79769e+308 
